# Teff (K)	Age (Gyr)	Radius (m)	Luminosity (W)
1.29971400e+05	0.00000000e+00	8.81275200e+06	1.57923300e+28
2.79449859e+04	5.00000000e-02	6.64284402e+06	1.91758824e+25
2.39560728e+04	1.00000000e-01	6.58022368e+06	1.01619090e+25
2.13879039e+04	1.50000000e-01	6.54101060e+06	6.37961634e+24
1.95487457e+04	2.00000000e-01	6.51414440e+06	4.41592903e+24
1.81571668e+04	2.50000000e-01	6.49381695e+06	3.26606050e+24
1.70558014e+04	3.00000000e-01	6.47752732e+06	2.53010931e+24
1.61591703e+04	3.50000000e-01	6.46401688e+06	2.03008035e+24
1.54117035e+04	4.00000000e-01	6.45280834e+06	1.67390910e+24
1.47770510e+04	4.50000000e-01	6.44320040e+06	1.41054400e+24
1.42298040e+04	5.00000000e-01	6.43466913e+06	1.20970579e+24
1.37505477e+04	5.50000000e-01	6.42708681e+06	1.05230072e+24
1.33249605e+04	6.00000000e-01	6.42034226e+06	9.26001681e+23
1.29420138e+04	6.50000000e-01	6.41423803e+06	8.22488190e+23
1.25952268e+04	7.00000000e-01	6.40860033e+06	7.36515445e+23
1.22798635e+04	7.50000000e-01	6.40336549e+06	6.64388772e+23
1.19914532e+04	8.00000000e-01	6.39844654e+06	6.03210436e+23
1.17263351e+04	8.50000000e-01	6.39384202e+06	5.50813900e+23
1.14813010e+04	9.00000000e-01	6.38947512e+06	5.05506554e+23
1.12548783e+04	9.50000000e-01	6.38535391e+06	4.66191202e+23
1.10442688e+04	1.00000000e+00	6.38150125e+06	4.31743803e+23
1.08470352e+04	1.05000000e+00	6.37792268e+06	4.01267829e+23
1.06615632e+04	1.10000000e+00	6.37461466e+06	3.74130647e+23
1.04909336e+04	1.15000000e+00	6.37161458e+06	3.50419107e+23
1.03440848e+04	1.20000000e+00	6.36901780e+06	3.30935108e+23
1.02171548e+04	1.25000000e+00	6.36674818e+06	3.14765578e+23
1.01044361e+04	1.30000000e+00	6.36470437e+06	3.00908242e+23
1.00012702e+04	1.35000000e+00	6.36281025e+06	2.88635771e+23
9.90338455e+03	1.40000000e+00	6.36100690e+06	2.77344295e+23
9.80961153e+03	1.45000000e+00	6.35927388e+06	2.66841942e+23
9.71985666e+03	1.50000000e+00	6.35760860e+06	2.57074906e+23
9.63430045e+03	1.55000000e+00	6.35602369e+06	2.48017674e+23
9.55269588e+03	1.60000000e+00	6.35452170e+06	2.39606204e+23
9.47384988e+03	1.65000000e+00	6.35308022e+06	2.31690138e+23
9.39685923e+03	1.70000000e+00	6.35168371e+06	2.24152594e+23
9.32178523e+03	1.75000000e+00	6.35034025e+06	2.16981518e+23
9.24868925e+03	1.80000000e+00	6.34905681e+06	2.10167989e+23
9.17695905e+03	1.85000000e+00	6.34781850e+06	2.03644862e+23
9.10585239e+03	1.90000000e+00	6.34660562e+06	1.97333905e+23
9.03563678e+03	1.95000000e+00	6.34542203e+06	1.91246320e+23
8.96733121e+03	2.00000000e+00	6.34428915e+06	1.85459867e+23
8.90161559e+03	2.05000000e+00	6.34321774e+06	1.80021356e+23
8.83829107e+03	2.10000000e+00	6.34219127e+06	1.74897500e+23
8.77699672e+03	2.15000000e+00	6.34118965e+06	1.70041486e+23
8.71704652e+03	2.20000000e+00	6.34019868e+06	1.65390705e+23
8.65755214e+03	2.25000000e+00	6.33920784e+06	1.60872719e+23
8.59784663e+03	2.30000000e+00	6.33820869e+06	1.56432495e+23
8.53810782e+03	2.35000000e+00	6.33720052e+06	1.52081087e+23
8.47871226e+03	2.40000000e+00	6.33618443e+06	1.47845082e+23
8.42003057e+03	2.45000000e+00	6.33516552e+06	1.43748631e+23
8.36241964e+03	2.50000000e+00	6.33415821e+06	1.39810227e+23
8.30622792e+03	2.55000000e+00	6.33317798e+06	1.36047138e+23
8.25154032e+03	2.60000000e+00	6.33223164e+06	1.32459312e+23
8.19809296e+03	2.65000000e+00	6.33131446e+06	1.29023777e+23
8.14560878e+03	2.70000000e+00	6.33042113e+06	1.25716727e+23
8.09400239e+03	2.75000000e+00	6.32954992e+06	1.22527528e+23
8.04335314e+03	2.80000000e+00	6.32870223e+06	1.19456862e+23
7.99373203e+03	2.85000000e+00	6.32787911e+06	1.16505019e+23
7.94499171e+03	2.90000000e+00	6.32707485e+06	1.13660130e+23
7.89680961e+03	2.95000000e+00	6.32627831e+06	1.10900571e+23
7.84886799e+03	3.00000000e+00	6.32547864e+06	1.08205061e+23
7.80106402e+03	3.05000000e+00	6.32467417e+06	1.05565890e+23
7.75350460e+03	3.10000000e+00	6.32387219e+06	1.02988590e+23
7.70630810e+03	3.15000000e+00	6.32308035e+06	1.00479347e+23
7.65973638e+03	3.20000000e+00	6.32230357e+06	9.80496422e+22
7.61426114e+03	3.25000000e+00	6.32154278e+06	9.57187029e+22
7.57036774e+03	3.30000000e+00	6.32079861e+06	9.35062319e+22
7.52807378e+03	3.35000000e+00	6.32006695e+06	9.14102230e+22
7.48642503e+03	3.40000000e+00	6.31933399e+06	8.93835664e+22
7.44434650e+03	3.45000000e+00	6.31858468e+06	8.73735476e+22
7.40122960e+03	3.50000000e+00	6.31781159e+06	8.53493986e+22
7.35788276e+03	3.55000000e+00	6.31703038e+06	8.33470311e+22
7.31538257e+03	3.60000000e+00	6.31626108e+06	8.14149737e+22
7.27461357e+03	3.65000000e+00	6.31552009e+06	7.95930484e+22
7.23509813e+03	3.70000000e+00	6.31479794e+06	7.78593046e+22
7.19576960e+03	3.75000000e+00	6.31407401e+06	7.61650822e+22
7.15569743e+03	3.80000000e+00	6.31333025e+06	7.44676942e+22
7.11513084e+03	3.85000000e+00	6.31257108e+06	7.27762633e+22
7.07491604e+03	3.90000000e+00	6.31181225e+06	7.11261274e+22
7.03585395e+03	3.95000000e+00	6.31106868e+06	6.95505902e+22
6.99813562e+03	4.00000000e+00	6.31034395e+06	6.80556196e+22
6.96154422e+03	4.05000000e+00	6.30963402e+06	6.66288991e+22
6.92581630e+03	4.10000000e+00	6.30893389e+06	6.52567281e+22
6.89040639e+03	4.15000000e+00	6.30823251e+06	6.39178488e+22
6.85464543e+03	4.20000000e+00	6.30751619e+06	6.25876905e+22
6.81813780e+03	4.25000000e+00	6.30677711e+06	6.12515353e+22
6.78154921e+03	4.30000000e+00	6.30603020e+06	5.99328830e+22
6.74579518e+03	4.35000000e+00	6.30529577e+06	5.86642284e+22
6.71127040e+03	4.40000000e+00	6.30458261e+06	5.74590807e+22
6.67750063e+03	4.45000000e+00	6.30388030e+06	5.62992789e+22
6.64401409e+03	4.50000000e+00	6.30317842e+06	5.51666660e+22
6.61089714e+03	4.55000000e+00	6.30247843e+06	5.40628590e+22
6.57845497e+03	4.60000000e+00	6.30178639e+06	5.29972500e+22
6.54662694e+03	4.65000000e+00	6.30109760e+06	5.19674239e+22
6.51479541e+03	4.70000000e+00	6.30039097e+06	5.09529880e+22
6.48239730e+03	4.75000000e+00	6.29964810e+06	4.99354317e+22
6.44949486e+03	4.80000000e+00	6.29887587e+06	4.89171733e+22
6.41639331e+03	4.85000000e+00	6.29809070e+06	4.79087108e+22
6.38355575e+03	4.90000000e+00	6.29730550e+06	4.69239404e+22
6.35164126e+03	4.95000000e+00	6.29652887e+06	4.59809708e+22
6.32110307e+03	5.00000000e+00	6.29576636e+06	4.50918541e+22
6.29145533e+03	5.05000000e+00	6.29501184e+06	4.42414308e+22
6.26206371e+03	5.10000000e+00	6.29425762e+06	4.34102898e+22
6.23294836e+03	5.15000000e+00	6.29350615e+06	4.25982941e+22
6.20436647e+03	5.20000000e+00	6.29276335e+06	4.18122915e+22
6.17637482e+03	5.25000000e+00	6.29202981e+06	4.10532684e+22
6.14889726e+03	5.30000000e+00	6.29130253e+06	4.03183198e+22
6.12192198e+03	5.35000000e+00	6.29057896e+06	3.96063424e+22
6.09551649e+03	5.40000000e+00	6.28985724e+06	3.89184569e+22
6.06974975e+03	5.45000000e+00	6.28913585e+06	3.82557777e+22
6.04468291e+03	5.50000000e+00	6.28841411e+06	3.76190840e+22
6.02036864e+03	5.55000000e+00	6.28769165e+06	3.70089283e+22
5.99681318e+03	5.60000000e+00	6.28696907e+06	3.64247479e+22
5.97400586e+03	5.65000000e+00	6.28624755e+06	3.58655735e+22
5.95196464e+03	5.70000000e+00	6.28553081e+06	3.53311454e+22
5.93073616e+03	5.75000000e+00	6.28482519e+06	3.48219139e+22
5.91033977e+03	5.80000000e+00	6.28413521e+06	3.43377192e+22
5.89070994e+03	5.85000000e+00	6.28345961e+06	3.38764957e+22
5.87176545e+03	5.90000000e+00	6.28279605e+06	3.34358255e+22
5.85342733e+03	5.95000000e+00	6.28214229e+06	3.30133446e+22
5.83566794e+03	6.00000000e+00	6.28149788e+06	3.26079318e+22
5.81851105e+03	6.05000000e+00	6.28086415e+06	3.22197095e+22
5.80198264e+03	6.10000000e+00	6.28024253e+06	3.18488537e+22
5.78610869e+03	6.15000000e+00	6.27963443e+06	3.14955407e+22
5.77091486e+03	6.20000000e+00	6.27904127e+06	3.11599398e+22
5.75639011e+03	6.25000000e+00	6.27846289e+06	3.08414840e+22
5.74245476e+03	6.30000000e+00	6.27789628e+06	3.05382279e+22
5.72902158e+03	6.35000000e+00	6.27733809e+06	3.02480746e+22
5.71600337e+03	6.40000000e+00	6.27678496e+06	2.99689274e+22
5.70331290e+03	6.45000000e+00	6.27623356e+06	2.96986895e+22
5.69086664e+03	6.50000000e+00	6.27568073e+06	2.94353470e+22
5.67863980e+03	6.55000000e+00	6.27512643e+06	2.91782078e+22
5.66665477e+03	6.60000000e+00	6.27457314e+06	2.89276407e+22
5.65493526e+03	6.65000000e+00	6.27402340e+06	2.86840442e+22
5.64350496e+03	6.70000000e+00	6.27347974e+06	2.84478169e+22
5.63238758e+03	6.75000000e+00	6.27294470e+06	2.82193573e+22
5.62160643e+03	6.80000000e+00	6.27242080e+06	2.79990561e+22
5.61115644e+03	6.85000000e+00	6.27190914e+06	2.77867410e+22
5.60098574e+03	6.90000000e+00	6.27140846e+06	2.75813112e+22
5.59103811e+03	6.95000000e+00	6.27091730e+06	2.73815792e+22
5.58125730e+03	7.00000000e+00	6.27043417e+06	2.71863575e+22
5.57158708e+03	7.05000000e+00	6.26995762e+06	2.69944585e+22
5.56197122e+03	7.10000000e+00	6.26948617e+06	2.68046947e+22
5.55236243e+03	7.15000000e+00	6.26901856e+06	2.66160682e+22
5.54275213e+03	7.20000000e+00	6.26855443e+06	2.64284003e+22
5.53314219e+03	7.25000000e+00	6.26809367e+06	2.62417341e+22
5.52353450e+03	7.30000000e+00	6.26763616e+06	2.60561125e+22
5.51393093e+03	7.35000000e+00	6.26718179e+06	2.58715782e+22
5.50433336e+03	7.40000000e+00	6.26673045e+06	2.56881744e+22
5.49474365e+03	7.45000000e+00	6.26628202e+06	2.55059436e+22
5.48516379e+03	7.50000000e+00	6.26583626e+06	2.53249199e+22
5.47559583e+03	7.55000000e+00	6.26539274e+06	2.51451243e+22
5.46604187e+03	7.60000000e+00	6.26495103e+06	2.49665770e+22
5.45650399e+03	7.65000000e+00	6.26451068e+06	2.47892984e+22
5.44698428e+03	7.70000000e+00	6.26407126e+06	2.46133085e+22
5.43748483e+03	7.75000000e+00	6.26363233e+06	2.44386277e+22
5.42800624e+03	7.80000000e+00	6.26319352e+06	2.42652523e+22
5.41854076e+03	7.85000000e+00	6.26275480e+06	2.40930434e+22
5.40907765e+03	7.90000000e+00	6.26231629e+06	2.39218140e+22
5.39960618e+03	7.95000000e+00	6.26187812e+06	2.37513772e+22
5.39011561e+03	8.00000000e+00	6.26144038e+06	2.35815459e+22
5.38059522e+03	8.05000000e+00	6.26100319e+06	2.34121333e+22
5.37103468e+03	8.10000000e+00	6.26056668e+06	2.32429596e+22
5.36142916e+03	8.15000000e+00	6.26013095e+06	2.30739449e+22
5.35177779e+03	8.20000000e+00	6.25969613e+06	2.29050803e+22
5.34207978e+03	8.25000000e+00	6.25926233e+06	2.27363590e+22
5.33233434e+03	8.30000000e+00	6.25882969e+06	2.25677737e+22
5.32254070e+03	8.35000000e+00	6.25839832e+06	2.23993174e+22
5.31269671e+03	8.40000000e+00	6.25796832e+06	2.22309619e+22
5.30278134e+03	8.45000000e+00	6.25753956e+06	2.20623860e+22
5.29275973e+03	8.50000000e+00	6.25711173e+06	2.18930534e+22
5.28259670e+03	8.55000000e+00	6.25668449e+06	2.17224228e+22
5.27225703e+03	8.60000000e+00	6.25625754e+06	2.15499530e+22
5.26170556e+03	8.65000000e+00	6.25583055e+06	2.13751027e+22
5.25091556e+03	8.70000000e+00	6.25540339e+06	2.11974728e+22
5.23989507e+03	8.75000000e+00	6.25497673e+06	2.10172469e+22
5.22866104e+03	8.80000000e+00	6.25455142e+06	2.08347581e+22
5.21723041e+03	8.85000000e+00	6.25412833e+06	2.06503395e+22
5.20562012e+03	8.90000000e+00	6.25370832e+06	2.04643241e+22
5.19384094e+03	8.95000000e+00	6.25329210e+06	2.02769509e+22
5.18185557e+03	9.00000000e+00	6.25287925e+06	2.00877254e+22
5.16960415e+03	9.05000000e+00	6.25246882e+06	1.98958095e+22
5.15702669e+03	9.10000000e+00	6.25205986e+06	1.97003630e+22
5.14406319e+03	9.15000000e+00	6.25165142e+06	1.95005456e+22
5.13066792e+03	9.20000000e+00	6.25124292e+06	1.92957482e+22
5.11684480e+03	9.25000000e+00	6.25083514e+06	1.90861683e+22
5.10260860e+03	9.30000000e+00	6.25042912e+06	1.88721794e+22
5.08797408e+03	9.35000000e+00	6.25002592e+06	1.86541548e+22
5.07295332e+03	9.40000000e+00	6.24962650e+06	1.84324300e+22
5.05752064e+03	9.45000000e+00	6.24923016e+06	1.82068049e+22
5.04162248e+03	9.50000000e+00	6.24883506e+06	1.79766845e+22
5.02520461e+03	9.55000000e+00	6.24843928e+06	1.77414642e+22
5.00821503e+03	9.60000000e+00	6.24804105e+06	1.75005728e+22
4.99064753e+03	9.65000000e+00	6.24764095e+06	1.72541227e+22
4.97253896e+03	9.70000000e+00	6.24724178e+06	1.70028691e+22
4.95392782e+03	9.75000000e+00	6.24684643e+06	1.67475918e+22
4.93485163e+03	9.80000000e+00	6.24645757e+06	1.64890519e+22
4.91533658e+03	9.85000000e+00	6.24607556e+06	1.62277914e+22
4.89540169e+03	9.90000000e+00	6.24569927e+06	1.59642133e+22
4.87506585e+03	9.95000000e+00	6.24532754e+06	1.56987183e+22
4.85434222e+03	1.00000000e+01	6.24495878e+06	1.54316365e+22
4.83322729e+03	1.00500000e+01	6.24459003e+06	1.51630932e+22
4.81171456e+03	1.01000000e+01	6.24421813e+06	1.48931762e+22
4.78980456e+03	1.01500000e+01	6.24384044e+06	1.46220527e+22
4.76755622e+03	1.02000000e+01	6.24345906e+06	1.43505462e+22
4.74505734e+03	1.02500000e+01	6.24307837e+06	1.40798041e+22
4.72237880e+03	1.03000000e+01	6.24270260e+06	1.38107833e+22
4.69937586e+03	1.03500000e+01	6.24233361e+06	1.35420097e+22
4.67575611e+03	1.04000000e+01	6.24197164e+06	1.32703445e+22
4.65124923e+03	1.04500000e+01	6.24161701e+06	1.29929176e+22
4.62581518e+03	1.05000000e+01	6.24127102e+06	1.27096364e+22
4.59953833e+03	1.05500000e+01	6.24093550e+06	1.24219095e+22
4.57247697e+03	1.06000000e+01	6.24061160e+06	1.21308513e+22
4.54457143e+03	1.06500000e+01	6.24029753e+06	1.18362434e+22
4.51573145e+03	1.07000000e+01	6.23999066e+06	1.15375227e+22
4.48590676e+03	1.07500000e+01	6.23968733e+06	1.12346207e+22
4.45509428e+03	1.08000000e+01	6.23938266e+06	1.09280521e+22
4.42331629e+03	1.08500000e+01	6.23907353e+06	1.06185548e+22
4.39067554e+03	1.09000000e+01	6.23876326e+06	1.03075392e+22
4.35727788e+03	1.09500000e+01	6.23845612e+06	9.99643447e+21
4.32310789e+03	1.10000000e+01	6.23815252e+06	9.68559368e+21
4.28812211e+03	1.10500000e+01	6.23785114e+06	9.37508869e+21
4.25275582e+03	1.11000000e+01	6.23755396e+06	9.06874920e+21
4.21776025e+03	1.11500000e+01	6.23726500e+06	8.77286683e+21
4.18278869e+03	1.12000000e+01	6.23697953e+06	8.48474299e+21
4.14653999e+03	1.12500000e+01	6.23668533e+06	8.19387242e+21
4.10889800e+03	1.13000000e+01	6.23638282e+06	7.89955686e+21
4.07071796e+03	1.13500000e+01	6.23608278e+06	7.60915134e+21
4.03196414e+03	1.14000000e+01	6.23578803e+06	7.32286407e+21
3.99200592e+03	1.14500000e+01	6.23549575e+06	7.03621270e+21
3.95046500e+03	1.15000000e+01	6.23520370e+06	6.74724618e+21
3.90710667e+03	1.15500000e+01	6.23491338e+06	6.45528385e+21
3.86178125e+03	1.16000000e+01	6.23463344e+06	6.16026234e+21
3.81400647e+03	1.16500000e+01	6.23436579e+06	5.86062153e+21
3.76387831e+03	1.17000000e+01	6.23410886e+06	5.55821396e+21
3.71400762e+03	1.17500000e+01	6.23386836e+06	5.26866029e+21
3.66270450e+03	1.18000000e+01	6.23363398e+06	4.98342219e+21
3.60668078e+03	1.18500000e+01	6.23339330e+06	4.68513016e+21
3.54874084e+03	1.19000000e+01	6.23316481e+06	4.39078564e+21
3.48992716e+03	1.19500000e+01	6.23294886e+06	4.10658230e+21
3.42911807e+03	1.20000000e+01	6.23273487e+06	3.82752302e+21
3.36603603e+03	1.20500000e+01	6.23252576e+06	3.55350832e+21
3.30550809e+03	1.21000000e+01	6.23234602e+06	3.30405632e+21
3.24301487e+03	1.21500000e+01	6.23216661e+06	3.06154858e+21
3.17517388e+03	1.22000000e+01	6.23194820e+06	2.81284723e+21
3.10722242e+03	1.22500000e+01	6.23170027e+06	2.57936434e+21
3.03764486e+03	1.23000000e+01	6.23147083e+06	2.35622289e+21
2.97281271e+03	1.23500000e+01	6.23130483e+06	2.16060334e+21
2.90754234e+03	1.24000000e+01	6.23116609e+06	1.97770726e+21
2.83792420e+03	1.24500000e+01	6.23101653e+06	1.79452396e+21
2.77588431e+03	1.25000000e+01	6.23089600e+06	1.64240340e+21
2.70818335e+03	1.25500000e+01	6.23077282e+06	1.48853132e+21
2.64349574e+03	1.26000000e+01	6.23065327e+06	1.35055783e+21
2.58410801e+03	1.26500000e+01	6.23054387e+06	1.23366916e+21
2.52437684e+03	1.27000000e+01	6.23044183e+06	1.12326835e+21
2.47174023e+03	1.27500000e+01	6.23035760e+06	1.03232927e+21
2.41834760e+03	1.28000000e+01	6.23026180e+06	9.46219152e+20
2.36539796e+03	1.28500000e+01	6.23016230e+06	8.65819957e+20
2.31822876e+03	1.29000000e+01	6.23008220e+06	7.98812884e+20
2.27589402e+03	1.29500000e+01	6.23001944e+06	7.41966769e+20
2.23249935e+03	1.30000000e+01	6.22994023e+06	6.87071978e+20
2.18548594e+03	1.30500000e+01	6.22982626e+06	6.30940510e+20
2.13651231e+03	1.31000000e+01	6.22968639e+06	5.76162882e+20
2.08371770e+03	1.31500000e+01	6.22954058e+06	5.21361116e+20
2.02734293e+03	1.32000000e+01	6.22940557e+06	4.67103923e+20
1.96823310e+03	1.32500000e+01	6.22928043e+06	4.14988236e+20
1.90441902e+03	1.33000000e+01	6.22916603e+06	3.63677285e+20
1.83896026e+03	1.33500000e+01	6.22907939e+06	3.16236255e+20
1.76634099e+03	1.34000000e+01	6.22897994e+06	2.69110106e+20
1.68881374e+03	1.34500000e+01	6.22888791e+06	2.24894600e+20
1.60669270e+03	1.35000000e+01	6.22877580e+06	1.84233933e+20
1.51871229e+03	1.35500000e+01	6.22868554e+06	1.47066800e+20
